222
4
2

2
1
6


1
0
1
-15
1
10362
0
0
0
1
100
0
0
26
4096
4096
32767
2049
2048
2048
0
0
0
32767
4096


1
0
1
-9
1
10362
0
0
0
1
100
0
0
26
4096
4096
32767
2049
2048
2048
0
0
0
32767
4096


1
0
1
-6
1
10362
0
0
0
1
100
0
0
26
4096
4096
32767
2049
2048
2048
0
0
0
32767
4096


1
0
1
-3
1
10362
0
0
0
1
100
0
0
26
4096
4096
32767
2049
2048
2048
0
0
0
32767
4096


1
0
1
0
1
10362
0
0
0
1
100
0
0
26
4096
4096
32767
2049
2048
2048
0
0
0
32767
4096


1
0
1
4
1
10362
0
0
0
1
375
0
0
26
4096
4096
32767
2049
2048
2048
0
0
0
32767
4096


1
32
3299
94
1106
-158
-477
66
251
33
-115
-74
20
58
27
-20
-32
-7
17
15
-1
-10
-5
2
4
0
-1
-1
0
0
0
0
0
0
0
0
0
0
0
0
0
0
0
0
0
0
0
0
0
0
0
0
0
0
0
0
0
0
0
0
0
0
0
0
0
0
