191
4
3

2
1

1
0
0
240
1
6
1
150
1
4287
0
8192
2048
0
96
8192
700
64
8192
400
1
767
21000
8000
700
256
256
16000
280
10362
14000
240
512
512
150
28000
16384
1
1
32
64
64
16800
4096
0
2549
14
0
8192
8192
2048
40
2048
1568
40
2048
1568
1
776
32
1024
800
32
1024
800
1
776
1
32767
8192
23062
-11398
-2622
4704
8698
8807
4494
835
481
209
6655
7358
-1669
4806
-598
-880
16
655
1024
16
1638
181
10
16384
10000
16000
5000
128
9830
16384
6554
6554
9830
512
12288
10240
400
230
26213
0
7
16384
256
4096
12055
32442
23170
4096
0
0
1
32
3091
1441
900
-832
174
16
-8
-395
-93
-228
-286
-302
-31
142
181
165
126
80
42
36
32
5
-27
-39
-33
-21
-11
-3
0
0
0
0
0
0
0
0
0
0
0
0
0
0
0
0
0
0
0
0
0
0
0
0
0
0
0
0
0
0
0
0
0
0
0
0
